-1 -1 -1 -1 -1 -1 -1 -1 -1 -1 -1 -1 -1 -1 -1 -1
-1 01 01 01 01 01 01 01 01 01 01 01 01 -1 01 -1
-1 01 -1 -1 01 -1 -1 -1 -1 -1 01 -1 -1 -1 01 -1
-1 -1 -1 -1 01 -1 01 -1 01 -1 01 -1 01 01 01 -1
-1 01 -1 01 01 -1 01 -1 01 01 01 01 01 -1 01 -1
-1 01 -1 -1 01 01 01 -1 -1 -1 -1 -1 01 -1 01 -1
-1 01 01 01 01 -1 01 01 01 01 01 01 01 -1 01 -1
-1 01 -1 -1 -1 -1 01 -1 01 -1 -1 -1 -1 -1 01 -1
-1 01 -1 01 01 01 01 -1 01 01 01 01 01 99 01 -1
-1 01 -1 01 -1 -1 -1 -1 -1 -1 -1 -1 01 -1 01 -1
-1 01 -1 01 01 01 01 99 01 01 01 01 01 -1 01 -1
-1 -1 -1 -1 -1 -1 -1 -1 -1 -1 -1 -1 -1 -1 -1 -1
