-1 -1 -1 -1 -1 -1 -1 -1 -1 -1 -1 -1 -1 -1 -1 -1
-2 03 02 03 -5 02 02 02 03 -6 -6 -6 -5 -5 04 -2
-2 04 -5 04 -5 04 -6 -6 04 02 02 03 -5 -5 04 -2
-2 04 -5 04 -5 04 02 02 03 -5 02 02 02 02 04 -2
-2 -6 -5 04 -5 04 -9 02 -8 -8 -8 04 -6 -6 04 -2
-2 02 02 04 02 02 02 02 -8 -8 -8 02 02 02 03 -2
-2 04 -5 04 -6 -6 -6 02 02 02 02 02 02 -6 -6 -2
-2 04 -5 04 -9 03 02 02 -6 -6 -6 -6 04 02 -9 -2
-2 04 -5 03 02 03 -5 02 03 -5 03 02 02 02 03 -2
-2 04 -6 -6 04 -6 -5 -6 03 02 02 -5 04 -9 02 -2
-2 03 02 02 02 02 -6 -6 -6 -6 -6 -5 03 02 03 -2
-1 -1 -1 -1 -1 -1 -1 -1 -1 -1 -1 -1 -1 -1 -1 -1